4.856617
6.324337
1.190812
3.775178
3.425961
5.763093
2.571711
4.804925
2.999124
3.232414
4.074402
3.878902
5.294812
3.033845
3.314099
3.92521
4.081573
4.110232
5.518782
4.917913
5.801886
1.81493
4.930742
6.121907
3.1971
5.113394
6.178747
5.608808
7.701692
4.511464
4.320608
5.696035
1.554263
4.563984
5.397536
4.316521
4.671192
3.541183
5.413637
4.701552
6.052483
4.142722
4.634344
4.301718
5.799605
4.639785
2.17779
3.137823
3.659434
3.814767
3.630303
5.578034
5.010005
5.636928
1.664708
4.037167
4.747844
1.261178
2.560269
6.020466
1.022048
5.851631
8.205138
2.922534
6.445751
4.340756
5.262934
2.691744
7.892044
2.258929
6.250115
7.970909
6.020994
3.852956
3.259251
1.489851
6.635271
2.350358
5.173983
1.985922
2.573359
5.15725
7.313388
6.620349
5.770543
5.823565
2.215692
5.302602
3.487695
3.241652
4.196669
6.50873
4.336638
5.007324
3.06984
2.708393
5.957249
3.644868
5.367065
0.8905207
1.744453
5.441003
3.26923
3.16422
6.556844
3.114794
4.846644
5.810326
3.063775
3.098968
3.757957
6.608396
6.033948
2.799408
5.926329
3.250231
5.107448
5.225797
4.020133
8.259105
7.597661
4.605905
5.884982
3.724409
4.182011
4.230957
2.06142
5.951694
6.066175
6.90729
4.797023
4.520328
4.449972
1.625287
6.208756
1.529691
4.859427
3.311655
6.013265
6.660221
4.628448
4.386051
2.73169
2.357314
6.338833
3.520133
1.81919
1.228833
3.022208
5.378882
4.407693
6.978706
6.600215
5.243779
4.056904
5.913026
2.660587
4.124458
3.930918
4.59164
4.018472
3.981813
1.618718
4.561713
0.8127756
4.692332
5.028646
5.620821
2.223907
3.63025
1.492091
3.595819
3.189056
3.733063
5.381019
4.077318
6.249272
5.139532
3.22897
2.319564
4.046419
3.773099
3.113464
3.5741
6.302836
4.571176
4.928673
5.081884
3.988685
3.111354
4.187106
5.234548
3.291759
3.225386
6.684965
5.392031
5.315896
5.652755
3.296167
4.188348
2.960425
6.466514
4.270504
4.04269
3.870539
3.311094
5.5031
6.461012
5.994135
3.325999
